-------------Evaluate with Unnormalized Data-------------
Experiment 1 - kNN without PCA, vary neighbors
3, 0.443330, 560898572339.848877
4, 0.395093, 600576143242.050049
5, 0.408531, 595704856598.077637
6, 0.418523, 606766885177.224609
7, 0.429025, 612179785966.831909
8, 0.432435, 633869828652.431641
9, 0.447439, 663745614517.168213
10, 0.464385, 694197506939.041504
11, 0.474605, 734763277515.457520
12, 0.486732, 761235120559.003906
13, 0.489158, 810614770507.184448
14, 0.489061, 855796710396.023438
15, 0.490363, 861676624313.860840
16, 0.488723, 879153791635.878906
17, 0.486589, 876174354205.554199
18, 0.475479, 864755904571.996948
19, 0.466266, 864144781771.343994
20, 0.454934, 865713643092.788330
21, 0.449571, 865958654096.978760
22, 0.443550, 866048425023.255493
23, 0.441368, 867370558141.313965
24, 0.441040, 866693214050.562500
25, 0.436850, 872391847139.875488
26, 0.432042, 872381902579.557007
27, 0.426121, 867799081308.225586
28, 0.420962, 868842022685.566650
29, 0.416740, 868441643207.551025
30, 0.411833, 863808159303.707642
31, 0.408133, 857172928210.520264
32, 0.402465, 856502610976.789185
33, 0.395724, 857531136211.273682
34, 0.392319, 858913227077.492310
35, 0.388485, 862903732598.688354
36, 0.382515, 864424812729.542969
37, 0.377365, 863845893236.360840
38, 0.372633, 863696001638.576172
39, 0.367444, 863889837402.269287
40, 0.362710, 863295410135.001709
41, 0.358666, 864201283652.743652
42, 0.354873, 860694618441.021851
43, 0.350027, 857840339339.162720
44, 0.345127, 858493065345.787231
45, 0.341607, 859124166551.387695
46, 0.336985, 859281877355.938110
47, 0.332460, 858072454062.564819
48, 0.328500, 860230479430.447876
49, 0.324680, 863087886788.704590
DONE.
Max Neighbors: 15, R2: 0.490363, MSE: 560898572339.848877
Experiment 2 - kNN without PCA, varying neighbors
15, 0.500144, 634264816573.545898
15, 0.498206, 705761123979.196289
15, 0.504477, 678071164199.117065
15, 0.486704, 840164743116.701416
15, 0.490362, 861497621707.892578
15, 0.490360, 861467139123.367920
15, 0.490363, 861467176899.401123
15, 0.490363, 861466281718.838623
DONE.
Max Components: 3, R2: 0.504477, MSE: 560898572339.848877
Experiment 1: Lasso CV
R2  [ 0.57807485  0.6356974   0.78512266 -6.26141227 -4.12842165  0.42255404
  0.52897967  0.54441424  0.12564492  0.25539148]
R2  0.475766855223
MSE:  [ -6.27878609e+11  -3.80268996e+12  -8.19021086e+11  -7.47076531e+11
  -1.34871273e+11  -2.69584897e+11  -3.67162795e+12  -6.67410838e+11
  -1.60667805e+12  -9.43327991e+11]
MSE  -783048808562.0
Experiment 2: LassoLarsCV
R2  [ 0.70645694  0.66278309  0.84651877 -4.00805738 -7.7902091   0.44875989
  0.55402688  0.58779138  0.20683238  0.53723732]
R2  0.5456320998
MSE:  [ -6.27878609e+11  -3.80268996e+12  -8.19021086e+11  -7.47076531e+11
  -1.34871273e+11  -2.69584897e+11  -3.67162795e+12  -6.67410838e+11
  -1.60667805e+12  -9.43327991e+11]
MSE  -783048808562.0
Experiment 3: LassoLarsIC using aic
R2  [ 0.70768998  0.66457503  0.84444012 -4.15476185 -7.80422434  0.43985172
  0.55160595  0.5867433   0.20394573  0.53968502]
R2  0.545645487536
MSE:  [ -6.27878609e+11  -3.80268996e+12  -8.19021086e+11  -7.47076531e+11
  -1.34871273e+11  -2.69584897e+11  -3.67162795e+12  -6.67410838e+11
  -1.60667805e+12  -9.43327991e+11]
MSE  -783048808562.0
Experiment 4: LassoLarsIC using aic
R2  [ 0.70768998  0.65960141  0.84444012 -3.82221337 -7.80422434  0.45737341
  0.55160595  0.59532525  0.20394573  0.53447244]
R2  0.543039195775
MSE:  [ -6.27878609e+11  -3.80268996e+12  -8.19021086e+11  -7.47076531e+11
  -1.34871273e+11  -2.69584897e+11  -3.67162795e+12  -6.67410838e+11
  -1.60667805e+12  -9.43327991e+11]
MSE  -783048808562.0
Experiment 5: Linear Regression
R2  [ 0.70679901  0.66526361  0.83877123 -4.17762896 -8.27963368  0.42756361
  0.55813795  0.57900779  0.18354703  0.54197532]
R2  0.550056636438
MSE:  [ -6.27878609e+11  -3.80268996e+12  -8.19021086e+11  -7.47076531e+11
  -1.34871273e+11  -2.69584897e+11  -3.67162795e+12  -6.67410838e+11
  -1.60667805e+12  -9.43327991e+11]
MSE  -783048808562.0
Experiment 6: Ridge Regression
R2  [ 0.66444401  0.65914893  0.83912641 -4.15450546 -7.58400961  0.51361366
  0.559246    0.57401244  0.16889542  0.48813984]
R2  0.536429827865
MSE:  [ -6.27878609e+11  -3.80268996e+12  -8.19021086e+11  -7.47076531e+11
  -1.34871273e+11  -2.69584897e+11  -3.67162795e+12  -6.67410838e+11
  -1.60667805e+12  -9.43327991e+11]
MSE  -783048808562.0
-------------DONE-------------
-------------Evaluate with Min/Max Normalized Data-------------
Experiment 1 - kNN without PCA, vary neighbors
3, 0.297660, 816935522920.832397
4, 0.319986, 858922577132.423340
5, 0.343032, 823177474405.377686
6, 0.334533, 833455463718.681152
7, 0.330893, 826916928248.953491
8, 0.340459, 818270996275.661621
9, 0.348129, 787545704258.324463
10, 0.364331, 750009629048.155273
11, 0.360962, 752064020354.101074
12, 0.358646, 757918339748.893188
13, 0.356861, 763257716469.473633
14, 0.356496, 767014868216.820312
15, 0.356864, 765771884403.383789
16, 0.354370, 764978582255.556030
17, 0.341475, 777522917869.950439
18, 0.332820, 774529828876.060547
19, 0.325315, 780928792777.016724
20, 0.329415, 791579139679.898560
21, 0.335212, 802924029743.586182
22, 0.336092, 805503387852.771484
23, 0.333187, 812831082635.385986
24, 0.334079, 816228691320.039062
25, 0.323591, 818604068936.209473
26, 0.328477, 813733888514.466064
27, 0.330628, 820144067945.295166
28, 0.338848, 820753425286.884277
29, 0.336336, 807960510553.017578
30, 0.328001, 809042882803.231812
31, 0.326356, 815449644709.769653
32, 0.325729, 817423951194.295898
33, 0.323929, 819935688791.025879
34, 0.333941, 828907399928.920166
35, 0.337991, 837798158957.970703
36, 0.338349, 836368866700.075806
37, 0.333481, 841923813944.494019
38, 0.327505, 851016444537.867920
39, 0.322110, 854408813085.984863
40, 0.317194, 857770934781.970093
41, 0.311122, 860322475693.203369
42, 0.312881, 863943538392.267334
43, 0.311026, 868151997975.842285
44, 0.311374, 874931517645.431396
45, 0.311739, 879907289574.584717
46, 0.308554, 881548519173.788574
47, 0.310939, 883331636966.070557
48, 0.315411, 887348759667.613281
49, 0.320595, 892383019217.321777
DONE.
Max Neighbors: 10, R2: 0.364331, MSE: 750009629048.155273
Experiment 2 - kNN without PCA, varying neighbors
10, -0.527870, 2145177220445.164551
10, 0.036287, 1339309762619.136719
10, 0.100877, 1191108658071.137207
10, 0.276139, 879685008409.082397
10, 0.284856, 833562628642.794189
10, 0.242328, 789903593790.744873
10, 0.320397, 817063626601.879395
10, 0.364331, 750009629048.155640
DONE.
Max Components: 8, R2: 0.364331, MSE: 750009629048.155273
Experiment 1: Lasso CV
R2  [ 0.70988317  0.66189605  0.84022886 -4.08953284 -8.12501873  0.43448715
  0.55707885  0.5811909   0.18828881  0.54323438]
R2  0.550156619821
MSE:  [ -4.31730966e+11  -3.52922127e+12  -6.08979690e+11  -5.23626864e+11
  -2.39976931e+11  -2.64013840e+11  -3.45259333e+12  -6.13534822e+11
  -1.49156627e+12  -5.78666212e+11]
MSE  -593822951137.0
Experiment 2: LassoLarsCV
R2  [ 0.70645694  0.66278309  0.84651877 -4.00805738 -7.7902091   0.44875989
  0.55402688  0.58779138  0.20683238  0.53723732]
R2  0.5456320998
MSE:  [ -4.31730966e+11  -3.52922127e+12  -6.08979690e+11  -5.23626864e+11
  -2.39976931e+11  -2.64013840e+11  -3.45259333e+12  -6.13534822e+11
  -1.49156627e+12  -5.78666212e+11]
MSE  -593822951137.0
Experiment 3: LassoLarsIC using aic
R2  [ 0.70768998  0.66457503  0.84444012 -4.15476185 -7.80422434  0.43985172
  0.55160595  0.5867433   0.20394573  0.53968502]
R2  0.545645487536
MSE:  [ -4.31730966e+11  -3.52922127e+12  -6.08979690e+11  -5.23626864e+11
  -2.39976931e+11  -2.64013840e+11  -3.45259333e+12  -6.13534822e+11
  -1.49156627e+12  -5.78666212e+11]
MSE  -593822951137.0
Experiment 4: LassoLarsIC using aic
R2  [ 0.70768998  0.65960141  0.84444012 -3.82221337 -7.80422434  0.45737341
  0.55160595  0.59532525  0.20394573  0.53447244]
R2  0.543039195775
MSE:  [ -4.31730966e+11  -3.52922127e+12  -6.08979690e+11  -5.23626864e+11
  -2.39976931e+11  -2.64013840e+11  -3.45259333e+12  -6.13534822e+11
  -1.49156627e+12  -5.78666212e+11]
MSE  -593822951137.0
Experiment 5: Linear Regression
R2  [ 0.70679901  0.66526361  0.83877123 -4.17762896 -8.27963368  0.42756361
  0.55813795  0.57900779  0.18354703  0.54197532]
R2  0.550056636438
MSE:  [ -4.31730966e+11  -3.52922127e+12  -6.08979690e+11  -5.23626864e+11
  -2.39976931e+11  -2.64013840e+11  -3.45259333e+12  -6.13534822e+11
  -1.49156627e+12  -5.78666212e+11]
MSE  -593822951137.0
Experiment 6: Ridge Regression
R2  [ 0.44186829  0.55223448  0.52908689 -2.87313702 -7.95903772  0.40750841
  0.54247245  0.60762502  0.38473964  0.58201858]
R2  0.485477589907
MSE:  [ -4.31730966e+11  -3.52922127e+12  -6.08979690e+11  -5.23626864e+11
  -2.39976931e+11  -2.64013840e+11  -3.45259333e+12  -6.13534822e+11
  -1.49156627e+12  -5.78666212e+11]
MSE  -593822951137.0
-------------DONE-------------
-------------Evaluate with Scaled Data-------------
Experiment 1 - kNN without PCA, vary neighbors
3, 0.553916, 564957257451.237915
4, 0.585777, 549554255411.886475
5, 0.604687, 513344060022.582031
6, 0.594892, 476252655356.773132
7, 0.584010, 480934321066.673096
8, 0.577131, 525813553998.151489
9, 0.564433, 561069350267.244263
10, 0.555238, 559388301683.858643
11, 0.562211, 578486177125.328857
12, 0.553574, 573791387320.587036
13, 0.553419, 579927098462.058105
14, 0.559065, 563415533607.238159
15, 0.559051, 566898873961.985107
16, 0.559988, 566497158466.619385
17, 0.564166, 570567791037.428955
18, 0.562093, 576385306481.765381
19, 0.568195, 581608465715.560547
20, 0.579175, 567546309727.593506
21, 0.578239, 569928525360.243896
22, 0.572573, 569257367047.278687
23, 0.566778, 565712315043.393311
24, 0.565518, 568147075531.080078
25, 0.559611, 572752797335.553955
26, 0.558004, 571990530266.888672
27, 0.550737, 576208146633.471313
28, 0.548115, 574581480336.317871
29, 0.545137, 581291180774.765869
30, 0.539002, 588772147315.141846
31, 0.533901, 595938431513.348999
32, 0.527070, 598743223001.939941
33, 0.519440, 603108537053.169312
34, 0.511580, 604509055997.599121
35, 0.510680, 609273555066.586670
36, 0.509263, 617526722213.289062
37, 0.505164, 622740443413.363770
38, 0.501450, 625865719092.703369
39, 0.497731, 630980100555.502930
40, 0.494566, 637176472235.896118
41, 0.490528, 641037080795.595459
42, 0.487336, 646353071477.803345
43, 0.484188, 652217248197.804932
44, 0.480965, 658734350107.908813
45, 0.477822, 662288976204.839111
46, 0.474707, 664739735730.784424
47, 0.474831, 666943000140.172119
48, 0.471233, 669426731148.954956
49, 0.466993, 673070081886.822144
DONE.
Max Neighbors: 5, R2: 0.604687, MSE: 476252655356.773132
Experiment 2 - kNN without PCA, varying neighbors
5, 0.369241, 865025209802.251343
5, 0.356003, 818437117343.834717
5, 0.373153, 739868738247.510254
5, 0.494232, 767420327332.983643
5, 0.555477, 590897523464.885010
5, 0.557553, 604276816796.237793
5, 0.571283, 561448710885.025757
5, 0.604687, 513344060022.582031
DONE.
Max Components: 8, R2: 0.604687, MSE: 476252655356.773132
Experiment 1: Lasso CV
R2  [ 0.70722957  0.66253133  0.84573576 -4.02002143 -7.75535063  0.44631739
  0.55518763  0.58594283  0.20526999  0.53777034]
R2  0.54647898296
MSE:  [ -4.35679864e+11  -3.52259007e+12  -5.87989712e+11  -5.16475316e+11
  -2.30255108e+11  -2.58490801e+11  -3.46733555e+12  -6.06573487e+11
  -1.46036238e+12  -5.85588490e+11]
MSE  -586789101316.0
Experiment 2: LassoLarsCV
R2  [ 0.70645694  0.66278309  0.84651877 -4.00805738 -7.7902091   0.44875989
  0.55402688  0.58779138  0.20683238  0.53723732]
R2  0.5456320998
MSE:  [ -4.35679864e+11  -3.52259007e+12  -5.87989712e+11  -5.16475316e+11
  -2.30255108e+11  -2.58490801e+11  -3.46733555e+12  -6.06573487e+11
  -1.46036238e+12  -5.85588490e+11]
MSE  -586789101316.0
Experiment 3: LassoLarsIC using aic
R2  [ 0.70768998  0.66457503  0.84444012 -4.15476185 -7.80422434  0.43985172
  0.55160595  0.5867433   0.20394573  0.53968502]
R2  0.545645487536
MSE:  [ -4.35679864e+11  -3.52259007e+12  -5.87989712e+11  -5.16475316e+11
  -2.30255108e+11  -2.58490801e+11  -3.46733555e+12  -6.06573487e+11
  -1.46036238e+12  -5.85588490e+11]
MSE  -586789101316.0
Experiment 4: LassoLarsIC using aic
R2  [ 0.70768998  0.65960141  0.84444012 -3.82221337 -7.80422434  0.45737341
  0.55160595  0.59532525  0.20394573  0.53447244]
R2  0.543039195775
MSE:  [ -4.35679864e+11  -3.52259007e+12  -5.87989712e+11  -5.16475316e+11
  -2.30255108e+11  -2.58490801e+11  -3.46733555e+12  -6.06573487e+11
  -1.46036238e+12  -5.85588490e+11]
MSE  -586789101316.0
Experiment 5: Linear Regression
R2  [ 0.70679901  0.66526361  0.83877123 -4.17762896 -8.27963368  0.42756361
  0.55813795  0.57900779  0.18354703  0.54197532]
R2  0.550056636438
MSE:  [ -4.35679864e+11  -3.52259007e+12  -5.87989712e+11  -5.16475316e+11
  -2.30255108e+11  -2.58490801e+11  -3.46733555e+12  -6.06573487e+11
  -1.46036238e+12  -5.85588490e+11]
MSE  -586789101316.0
Experiment 6: Ridge Regression
R2  [ 0.70314275  0.66045957  0.84842109 -4.0716294  -8.12472007  0.43975862
  0.55232296  0.58411038  0.19933511  0.54390438]
R2  0.548113671025
MSE:  [ -4.35679864e+11  -3.52259007e+12  -5.87989712e+11  -5.16475316e+11
  -2.30255108e+11  -2.58490801e+11  -3.46733555e+12  -6.06573487e+11
  -1.46036238e+12  -5.85588490e+11]
MSE  -586789101316.0
-------------DONE-------------
